35306
7886
46540
14807
23821
12362
10050
35295
58780
23724
19468
9453
50284
49400
61949
37992
31006
26295
118
45562
64030
41375
38945
44289
17475
19893
2424
38135
1226
51217
16998
59645
41533
18779
54570
62495
11531
36993
65329
28004
46027
12893
35887
51372
15157
4160
15425
25602
9102
22472
35411
43624
7712
29300
40323
60366
23184
42783
38008
63444
13974
7011
42796
4268
16436
56036
15002
740
40000
36634
35973
45209
3581
26500
9203
10390
45598
8328
30749
5798
38134
10967
64135
32733
18938
15968
52535
65134
36785
30375
19117
6834
26461
52052
13748
42201
16652
60144
62031
43582
27625
20338
51923
34142
44359
47300
43763
46433
6193
63682
19065
25884
12306
21270
53470
30502
21865
20848
5609
22377
4005
18117
51403
59603
11654
18964
43540
31177
61951
61367
19726
29087
45223
46825
23790
16220
50916
1238
31274
13400
51178
42768
28274
17969
52793
33087
43546
63854
7931
3354
59197
56095
57293
17662
3298
16939
24314
2183
20967
33531
65211
58387
29753
10265
61084
49137
6033
6754
36841
32441
63288
18910
19606
9233
11069
24415
16465
10763
60029
11520
58026
9169
47855
683
50467
25752
10292
10859
57597
53788
53431
45131
9440
20086
51926
12706
19075
48673
10502
55757
9730
57574
19627
27886
56487
18230
1808
28266
54479
11679
30038
5895
58744
1431
31491
6082
53107
49741
40436
41211
27911
31134
24932
1038
11383
43223
39837
40270
20425
4938
24021
49382
23851
8579
3920
50080
2321
19479
14098
11266
25263
8194
61831
50774
62980
64908
17645
2457
2456
51450
61204
41474
51871
22275
5267
25145
42347
43432
37888
33945
52136
54659
618
25668
62059
10131
20597
26792
8611
26815
19521
10089
22893
45708
6931
1825
16937
32902
2492
23236
52915
38741
54036
53347
65076
5697
35862
39043
59912
60868
35889
13221
15681
58946
57790
54322
41869
298
40248
39388
52836
62722
40284
6931
22016
48729
41380
8135
407
11422
35649
43034
17512
9884
40387
18628
60664
22304
45909
8067
58992
33637
7222
39548
23224
64104
57607
40972
43995
6811
27343
20399
24040
41678
60879
14917
48340
28604
5143
5777
30058
63939
13884
18582
31252
45637
21007
7562
62905
40456
62647
5336
9495
54804
32233
34646
11082
4951
47195
12963
9686
63151
28626
48571
18605
18303
53657
63420
55492
4785
22792
113
48327
6989
22920
34360
44299
57527
57805
64482
65213
5593
27666
60995
41021
31643
15366
10707
13930
59650
18528
1951
53745
59349
27271
15423
26998
46635
20028
50507
65299
77
13400
55500
65141
4750
14910
61418
12752
11509
6789
31164
30874
41657
38412
26067
55399
25079
11831
24391
18393
50432
3313
14820
49742
19026
54312
6815
27298
11004
14497
19585
14440
11570
22970
25137
26488
29287
34023
17503
33359
4437
48954
36052
54798
50663
64652
7934
45020
56907
16923
18420
18627
20124
11468
60141
27506
49015
306
56043
59529
51066
53255
41030
61126
55552
35899
36901
32424
54227
39838
30198
61720
29484
20274
43693
63712
53901
24610
33992
35611
7376
37199
42318
44501
51178
42551
822
39430
59853
11947
22110
51411
40934
5608
59264
8328
57031
19149
63967
19791
31618
16707
18333
33176
53128
63941
4505
5042
62354
56944
24803
13910
29131
17534
33088
64091
15319
6321
52119
52617
10832
64621
19166
18133
55682
25321
183
39000
9849
35282
54797
56511
12387
8603
689
25938
43227
16163
47799
32993
33387
38293
43986
4080
2937
50019
40556
55382
7484
43927
57258
30738
56984
54386
53636
13545
23019
47294
40627
43564
46941
63909
65428
35058
49980
46725
50658
40476
46513
48674
29941
3675
12016
17559
5642
63473
34054
45529
12651
17819
55022
37326
63790
41733
40975
48924
15896
62152
34663
20760
24094
62782
60289
23075
33619
43035
51001
2585
60691
17752
20576
44803
43287
15995
30763
26827
51734
33923
55932
14819
25363
21990
52436
43631
5220
30926
1060
9343
59286
39141
39481
59789
21547
43784
17450
23350
14055
1866
64381
54746
4672
63530
42940
35646
18099
64994
63019
22595
59319
64366
15801
8885
7093
2557
19956
48753
28024
13211
23932
64170
22960
55496
65266
19587
38450
56125
24391
35423
55398
48124
58808
32477
10073
59578
12486
25167
23094
20052
62678
55604
14342
37006
19548
13504
38754
48064
63370
56144
55003
61720
65059
57590
28493
4709
18880
38683
14933
17601
36324
52545
14124
51903
7604
28402
10540
5221
55650
23418
52197
26252
57275
46691
39576
26958
9912
27322
17195
40780
2324
19132
59564
60197
31422
43082
54800
7798
15047
48151
20772
11174
35740
59689
58769
8900
51691
19152
60225
7934
31749
58525
51167
50973
65253
53389
43932
58662
59339
28585
25446
55567
10604
42814
35094
38293
28352
51303
31448
19931
21357
50121
22586
46116
55048
38808
62390
28284
52503
34111
31934
21252
5224
3569
20256
50246
1193
11474
8963
43790
65066
59886
747
43237
7378
36326
19892
8419
16791
16948
24382
7659
31919
18682
42466
17047
11061
42960
13119
14644
9413
53056
42570
18143
13629
37596
29060
1232
60544
32798
27805
64511
58868
4942
43867
10801
60418
27889
13809
57839
27874
28422
22557
8661
15984
45780
19898
24689
39445
44379
33815
59820
63719
58681
238
42774
16095
4020
45252
30182
43726
46996
63804
51817
50121
7674
26207
10487
64584
61303
15980
7864
50084
15595
13585
41209
2000
43981
65106
42556
51182
48022
43574
4531
56419
14620
9719
42380
55040
58511
3197
13295
11712
65016
51417
5803
24756
59036
34795
35829
39052
34323
19801
49173
14959
22513
53497
27196
2168
21907
22481
10896
51151
44603
11359
37565
48810
63896
30681
36283
8548
17674
14131
59498
12051
48665
44463
4245
1829
29537
49536
54207
27499
35980
63458
26735
45216
49269
35706
23660
6897
47599
15253
62990
6404
32490
48096
6020
3655
63032
1037
65003
14729
62739
29771
7367
22255
8763
51303
32217
49373
49153
65134
11993
27202
35970
41100
28540
14983
20074
43902
9104
16372
63673
38101
64601
17792
10166
42330
25244
35953
57497
65019
17773
28001
12980
40727
573
12210
36991
48434
58761
30178
22218
35094
41679
45382
7444
28310
17143
27809
41379
10941
43849
10938
45752
6725
6675
41306
37547
51839
61967
20894
27274
21203
26581
47359
19676
56018
11948
27335
42063
8686
146
27763
13994
63787
51792
53396
57231
40541
